1.000000 92.000000 1.983410 -0.710317 1.034120 2.078014 2.078014 1
2.000000 10.000000 2.146480 0.967439 2.902503 1.925114 1.925114 2
3.000000 83.000000 2.810676 0.769992 3.854732 0.918989 0.918989 3
4.000000 61.000000 2.016489 3.352609 1.970970 2.048024 2.048024 3
5.000000 107.000000 1.049598 1.123108 3.165074 3.849909 3.849909 3
6.000000 113.000000 1.240173 0.914908 2.889419 2.066930 2.066930 2
7.000000 80.000000 2.707453 1.155717 3.087358 1.952274 1.952274 2
71.000000 102.000000 2.990768 0.988540 3.955077 1.809403 1.809403 3
8.000000 125.000000 3.020049 4.300072 1.767986 3.800605 3.800605 3
9.000000 36.000000 2.027173 1.989899 1.239151 1.121645 1.121645 1
10.000000 105.000000 2.933107 ? 0.743850 0.641870 0.641870 1
11.000000 81.000000 0.618788 2.106407 1.318381 0.995948 0.995948 1
12.000000 122.000000 2.186129 2.203662 3.080253 3.924968 3.924968 3
13.000000 94.000000 1.220192 1.036398 2.285759 0.742117 0.742117 1
14.000000 60.000000 1.918836 1.104883 1.939756 2.166623 2.166623 2
15.000000 8.000000 1.878402 3.746427 1.027124 3.934049 3.934049 3
16.000000 20.000000 0.842703 1.121981 3.051624 3.015788 3.015788 1
17.000000 85.000000 3.109895 2.014925 ? 1.544261 1.544261 2
54.000000 127.000000 3.180905 0.982974 2.132918 0.767526 0.767526 ?
18.000000 50.000000 0.814336 2.174888 1.017408 0.861712 0.861712 1
19.000000 68.000000 3.290688 2.681074 2.232650 1.006617 1.006617 1
20.000000 89.000000 2.948504 1.191607 3.019374 1.981125 1.981125 1
21.000000 52.000000 1.197790 1.919950 1.888472 1.138591 1.138591 2
22.000000 19.000000 2.988711 2.088481 0.997449 3.044249 3.044249 1
23.000000 118.000000 2.213246 0.910371 1.991329 1.301521 1.301521 1
24.000000 16.000000 2.831365 2.352158 1.314384 3.304247 3.304247 1
25.000000 91.000000 2.341365 3.195351 1.983795 0.891995 0.891995 1
26.000000 79.000000 2.776348 1.791005 2.043193 0.914713 0.914713 2
27.000000 23.000000 3.480939 1.839835 1.039493 3.116439 3.116439 2
28.000000 25.000000 1.925373 1.066263 2.108937 1.797199 1.797199 2
29.000000 30.000000 1.036176 0.987237 2.865172 ? ? 1
30.000000 57.000000 3.042438 2.051801 93.6794 0.817875 0.817875 1
31.000000 3.000000 1.302426 3.971163 1.069640 1.049813 1.049813 3
32.000000 114.000000 2.066067 1.813242 1.119158 2.673430 2.673430 1
33.000000 37.000000 0.882457 1.867809 1.226185 2.906076 2.906076 2
34.000000 66.000000 0.994648 0.996945 1.125617 1.773744 1.773744 1
35.000000 110.000000 2.179044 4.062038 3.113455 1.043541 1.043541 3
36.000000 116.000000 2.949484 1.073880 2.114782 1.989174 1.989174 2
37.000000 88.000000 0.960319 1.091418 2.109509 2.100871 2.100871 2
38.000000 77.000000 3.052408 2.111581 2.109910 0.803335 0.803335 2
39.000000 82.000000 1.081932 2.369831 0.646374 1.770526 1.770526 2
40.000000 64.000000 3.156986 4.052783 2.900650 1.550547 1.550547 3
41.000000 84.000000 2.372363 1.995068 1.763471 0.794871 0.794871 2
42.000000 86.000000 1.747648 1.952144 0.970451 2.218184 2.218184 2
43.000000 6.000000 3.101949 1.985392 0.903407 2.670175 2.670175 2
44.000000 74.000000 3.194137 2.013415 0.843812 1.134096 1.134096 1
45.000000 106.000000 ? 1.010965 2.091472 1.515567 1.515567 1
46.000000 115.000000 1.063434 1.478586 1.035931 2.555284 2.555284 2
47.000000 130.000000 2.041168 0.917287 0.812852 2.099788 2.099788 1
48.000000 54.000000 1.000190 0.983467 0.871174 2.199431 2.199431 1
49.000000 33.000000 1.263077 2.020606 2.270852 3.120077 3.120077 2
50.000000 67.000000 3.315111 2.979258 0.708655 -0.811430 0.811430 1
51.000000 69.000000 3.088823 3.023269 3.100442 0.789131 0.789131 1
52.000000 39.000000 3.087789 2.024383 1.072634 1.999165 1.999165 2
14.000000 60.000000 1.918836 1.104883 1.939756 2.166623 2.166623 2
53.000000 53.000000 3.314710 2.249605 0.991751 2.171261 2.171261 2
54.000000 127.000000 3.180905 0.982974 2.132918 0.767526 0.767526 1
55.000000 96.000000 0.653830 0.454311 12.54958 1.938227 1.938227 1
56.000000 121.000000 1.964254 1.042617 3.068705 2.036961 2.036961 1
57.000000 70.000000 1.900162 2.513636 2.357087 0.767256 0.767256 2
58.000000 123.000000 1.931609 1.340689 1.998041 1.045269 1.045269 1
59.000000 42.000000 1.665354 1.970099 1.103498 3.152674 3.152674 1
60.000000 78.000000 1.965191 0.910607 1.724140 ? ? 2
39.000000 82.000000 1.081932 2.369831 0.646374 1.770526 1.770526 3
61.000000 11.000000 0.601877 2.051180 3.823845 1.728443 1.728443 3
62.000000 129.000000 1.910410 2.332198 0.741103 1.981331 1.981331 2
63.000000 128.000000 1.265808 1.120288 1.830681 3.825463 3.825463 3
64.000000 5.000000 1.131575 3.147912 1.964020 0.750097 0.750097 1
4.000000 61.000000 2.016489 3.352609 1.970970 2.048024 2.048024 1
65.000000 4.000000 1.995607 4.010611 4.103984 2.339832 2.339832 3
83.000000 120.000000 0.814188 0.821659 3.004647 1.781348 1.781348 3
66.000000 95.000000 1.803667 3.050431 2.192566 1.237661 1.237661 1
67.000000 73.000000 -3.068961 0.681970 1.890822 1.741981 1.741981 2
38.000000 77.000000 3.052408 2.111581 2.109910 0.803335 0.803335 3
68.000000 26.000000 1.044428 0.933043 2.029785 1.852355 1.852355 2
69.000000 48.000000 0.877586 2.747838 2.186077 4.284589 4.284589 3
70.000000 104.000000 0.977109 1.064977 2.096417 1.960036 1.960036 2
71.000000 102.000000 2.990768 0.988540 3.955077 1.809403 1.809403 3
72.000000 2.000000 2.246706 1.092107 2.906379 2.209697 2.209697 2
73.000000 41.000000 0.746862 1.126535 3.166652 2.345565 2.345565 2
74.000000 119.000000 3.202076 0.916601 2.595178 1.988491 1.988491 1
75.000000 75.000000 1.075216 2.287752 -4.223118 4.205295 4.205295 3
76.000000 47.000000 0.951677 3.905027 2.106718 0.950100 0.950100 3
77.000000 93.000000 1.897430 1.139243 1.870355 0.690776 0.690776 1
78.000000 46.000000 3.086986 3.749272 1.087031 1.847736 1.847736 3
79.000000 132.000000 1.929879 1.855486 1.178156 0.869962 0.869962 1
80.000000 108.000000 1.060727 ? 1.712207 0.773438 0.773438 1
123.000000 71.000000 3.024649 1.122310 2.014766 1.990504 1.990504 1
81.000000 18.000000 1.698924 1.897436 4.031681 3.423435 3.423435 3
82.000000 62.000000 3.018583 0.951419 2.096871 1.610646 1.610646 2
83.000000 120.000000 0.814188 0.821659 3.004647 1.781348 1.781348 1
84.000000 35.000000 0.835263 1.666729 0.706031 3.052010 3.052010 1
85.000000 27.000000 1.166288 4.382805 4.370696 1.023933 1.023933 3
38.000000 77.000000 3.052408 2.111581 2.109910 0.803335 0.803335 1
86.000000 98.000000 3.106408 3.099462 2.984957 1.838339 1.838339 2
87.000000 109.000000 1.978373 2.340304 0.922709 2.950905 2.950905 2
88.000000 31.000000 29.30684 3.083123 1.781528 1.296111 1.296111 2
89.000000 112.000000 1.070644 1.069103 0.640721 3.241803 3.241803 1
90.000000 34.000000 1.896541 1.810385 1.245481 1.954878 1.954878 2
91.000000 63.000000 2.277617 2.020160 2.277877 1.347979 1.347979 2
92.000000 65.000000 1.790269 2.786874 2.081775 2.963438 2.963438 2
93.000000 117.000000 1.205550 2.780071 2.216325 1.133305 1.133305 2
94.000000 56.000000 2.096790 2.108593 1.179160 2.370906 2.370906 2
95.000000 59.000000 1.205880 0.966101 0.826971 2.370126 2.370126 1
96.000000 76.000000 2.907485 1.887029 2.121054 0.931694 0.931694 2
97.000000 1.000000 ? 1.739632 0.946796 1.210781 1.210781 1
98.000000 28.000000 1.305425 0.911837 1.826374 1.087469 1.087469 1
99.000000 22.000000 3.221879 0.948260 3.991239 4.252978 4.252978 3
100.000000 29.000000 3.241155 3.136025 1.786309 0.930529 0.930529 2
101.000000 111.000000 1.975163 3.252630 1.872431 1.002218 1.002218 2
102.000000 97.000000 1.874196 0.754663 2.934375 0.996508 0.996508 1
103.000000 49.000000 0.906176 2.206534 0.890742 2.168922 2.168922 2
104.000000 51.000000 2.842141 1.359836 1.084214 2.310838 2.310838 1
105.000000 87.000000 2.298465 1.868566 8.300347 1.292601 1.292601 3
106.000000 58.000000 1.087719 2.012925 1.812302 0.827320 0.827320 2
107.000000 32.000000 1.798729 3.178644 1.872800 1.366200 1.366200 2
108.000000 72.000000 2.023580 1.823630 1.113843 4.250804 4.250804 3
109.000000 55.000000 0.914039 4.272148 1.848012 3.159041 3.159041 3
110.000000 103.000000 1.855748 2.224549 0.985738 1.353346 1.353346 1
111.000000 7.000000 1.059893 1.930586 1.214391 1.188697 1.188697 1
112.000000 99.000000 2.116090 2.038381 2.905417 1.837632 1.837632 2
113.000000 15.000000 1.149715 2.842231 2.238039 0.946148 0.946148 1
114.000000 126.000000 3.021202 1.180978 ? 0.969686 0.969686 1
115.000000 45.000000 3.181870 0.376956 1.541465 2.104868 2.104868 1
116.000000 101.000000 2.959041 2.904988 1.233744 3.961336 3.961336 3
117.000000 100.000000 1.951431 3.077654 4.270520 1.014504 1.014504 3
118.000000 24.000000 0.888775 2.080111 3.326983 7.189677 7.189677 2
119.000000 124.000000 3.023428 2.878809 2.091092 2.013420 2.013420 2
120.000000 13.000000 2.842215 3.105390 4.028228 2.038629 2.038629 3
121.000000 14.000000 0.897228 1.762797 1.875018 0.692599 0.692599 2
122.000000 38.000000 1.933610 1.062779 0.673896 4.041207 4.041207 3
123.000000 71.000000 3.024649 1.122310 2.014766 1.990504 1.990504 2
109.000000 55.000000 0.914039 4.272148 1.848012 3.159041 3.159041 2
124.000000 43.000000 2.833690 2.304061 1.810595 3.874084 3.874084 3
125.000000 131.000000 1.904885 3.173131 0.950661 3.049730 3.049730 1
126.000000 17.000000 1.886329 0.687781 0.606470 1.931249 1.931249 1
127.000000 12.000000 3.217762 3.841879 0.559417 2.950226 2.950226 3
128.000000 44.000000 1.113504 1.174837 3.752125 3.010576 3.010576 3
129.000000 40.000000 2.004027 1.029680 1.759547 1.198388 1.198388 1
130.000000 90.000000 -0.996725 1.808028 0.699103 2.106511 2.106511 2
131.000000 21.000000 1.035012 ? 1.583125 1.261359 1.261359 2
124.000000 43.000000 2.833690 2.304061 1.810595 3.874084 3.874084 3
132.000000 9.000000 3.089297 0.697977 1.101157 1.789751 1.789751 1
