0.008544  7.745548
0.047690  1.271442
0.068297  5.949864
0.141045  10.455119
0.177673  4.162408
0.178218  9.933351
0.198735  9.991733
0.275215  3.885304
0.294018  1.986182
0.444123  -486.367643
0.526805  12.714311
0.693394  0.000479
0.776814  -0.126840
0.779420  -3.060396
0.843389  5.251816
0.940361  -4.530822
1.000606  -0.292149
1.059942  -125.882945
1.152026  5.019876
1.160344  2.313471
1.181090  0.012463
1.193666  2.089709
1.322795  -3.215950
1.365353  9.850416
1.381365  -3.906773
1.418331  -6.044313
1.422166  -3.398294
1.423485  -1.301698
1.470551  0.265703
1.501252  -917.957282
1.586199  -1.363614
1.688023  0.856161
1.796450  -10.633033
1.805149  -7.139864
1.828170  -7.102992
1.934520  -2.039450
2.076878  -8.448887
2.216278  -8.321201
2.233921  -10.187288
2.262156  -10.247233
2.316618  -9.180342
2.329798  -9.286396
2.375342  -14.617366
2.395299  -12.955248
2.463129  -4.987675
2.538712  -1.729701
2.611764  -2.007529
2.729404  -9.241523
2.733046  -6.772012
2.743064  470.227655
2.830976  307.014257
2.915394  -7.584411
2.954360  -12.466348
2.966463  -10.567210
2.986817  -8.355447
2.987847  -6.633150
2.992510  -4.089719
3.061200  -3.131504
3.132120  -7.430336
3.135718  -4.956939
3.452076  3.566445
3.533121  2.259559
3.540131  -2.411546
3.601810  3.648903
3.625547  2.440601
3.660650  5.884861
3.689128  11.421391
3.698641  7.173149
3.744662  7.263177
3.839655  15.158980
3.866574  11.607914
3.955971  -316.579629
4.091873  15.590946
4.136494  28.177428
4.175882  -210.727889
4.223810  26.835862
4.244930  27.370934
4.279754  32.678422
4.356774  -625.369773
4.404749  25.324966
4.439880  36.584172
4.471717  31.209174
4.564646  80.836436
4.598499  40.113785
4.599001  41.219395
4.619128  34.473160
4.631720  42.126304
4.640139  43.268909
4.689502  50.982113
4.754268  51.922734
4.767688  48.221459
4.826669  59.411305
4.855453  50.067591
4.931672  53.766534
4.936298  63.029415
5.375466  93.870126
5.404207  -125.792619
5.549635  113.730645
5.586352  107.221707
5.694650  123.661323
5.735572  125.219244
5.752709  133.007061
5.880635  -382.773213
5.952540  153.970226
6.083289  174.357527
6.093403  163.671957
6.094704  175.173326
6.110359  175.436789
6.331078  204.976695
6.403241  214.147553
6.543814  239.231035
6.547047  238.368474
6.568092  64.329482
6.594518  244.698177
6.701652  260.161864
6.857081  23.988196
6.900649  293.873267
6.916489  113.186365
7.085065  322.851272
7.112399  334.300338
7.117488  333.015417
7.299417  373.380018
7.374477  380.606948
7.382796  385.487807
7.415462  -305.800713
7.493532  404.898333
7.549640  422.546929
7.572852  427.260422
7.585464  432.555233
7.628429  446.330277
7.629254  445.345409
7.658668  440.517530
7.692174  455.395772
7.693834  947.591848
7.737384  470.256588
7.763682  475.667093
8.016466  540.082634
8.044048  551.973077
8.109898  562.968365
8.201453  580.091163
8.225284  596.634661
8.265873  604.699634
8.280655  615.668059
8.305369  616.062281
8.323536  620.249458
8.330777  621.721166
8.570063  697.382945
8.587322  690.353507
8.587342  703.554963
8.762383  752.020782
8.788101  764.421933
8.826295  777.909676
8.893055  795.551498
8.894014  799.584746
8.912641  1296.271910
8.926741  770.340768
8.960326  820.400040
9.098020  867.966073
9.114640  871.469892
9.151650  889.578072
9.191821  899.733137
9.234661  916.574820
9.305447  950.426471
9.321033  947.715816
9.439226  1177.203690
9.503968  670.603473
9.738039  1109.731013
9.754393  1121.451185
9.800846  1140.440863
9.885319  1175.694126
